46
0 1 24
0 3 43
0 4 43
0 5 49
0 6 7
0 7 10
0 8 38
0 9 5
0 10 18
0 12 49
0 14 24
0 15 32
0 17 20
0 18 19
0 20 32
0 22 1
0 23 43
0 25 30
0 26 33
0 28 14
0 29 31
0 30 48
0 31 47
0 35 38
0 36 19
0 38 29
0 39 45
0 40 36
0 41 13
0 42 49
0 43 24
0 44 8
0 45 44
1 2 0
1 3 48
1 5 12
1 7 25
1 8 37
1 9 28
1 10 6
1 11 14
1 12 45
1 13 9
1 16 47
1 18 44
1 19 27
1 21 44
1 23 27
1 24 13
1 26 6
1 27 44
1 28 29
1 29 42
1 30 29
1 31 31
1 32 33
1 33 29
1 34 0
1 38 6
1 39 27
1 41 8
1 42 39
1 43 48
1 44 4
2 4 44
2 5 26
2 6 44
2 7 5
2 9 10
2 11 21
2 12 23
2 13 39
2 16 36
2 17 44
2 18 23
2 20 8
2 21 49
2 22 21
2 23 16
2 28 42
2 30 3
2 32 36
2 34 30
2 35 5
2 36 14
2 37 33
2 38 36
2 40 13
2 42 23
2 43 6
2 44 39
2 45 39
3 4 20
3 5 40
3 6 22
3 7 22
3 8 38
3 9 39
3 10 37
3 11 15
3 14 14
3 15 23
3 16 4
3 18 30
3 19 10
3 20 2
3 23 13
3 24 39
3 27 24
3 28 41
3 29 18
3 30 36
3 32 29
3 36 20
3 40 34
3 41 7
3 42 27
3 43 42
3 44 5
3 45 35
4 6 31
4 7 34
4 8 8
4 9 36
4 11 30
4 12 32
4 15 34
4 22 31
4 23 37
4 24 9
4 25 40
4 26 26
4 30 38
4 31 5
4 32 25
4 37 25
4 40 39
4 41 39
4 42 27
4 43 4
4 44 6
4 45 41
5 6 18
5 11 23
5 12 41
5 15 31
5 16 25
5 17 49
5 19 29
5 20 7
5 21 10
5 26 40
5 27 45
5 30 32
5 31 3
5 32 34
5 34 34
5 35 19
5 36 23
5 37 10
5 39 3
5 42 43
5 43 12
5 44 22
5 45 17
6 7 33
6 8 19
6 9 28
6 10 11
6 11 16
6 12 26
6 15 15
6 16 12
6 17 23
6 18 26
6 19 14
6 20 15
6 21 42
6 24 29
6 27 3
6 28 5
6 29 13
6 30 46
6 31 16
6 33 21
6 34 40
6 35 32
6 36 21
6 38 40
6 39 46
6 41 41
6 44 41
6 45 47
7 8 2
7 9 20
7 10 16
7 11 19
7 12 44
7 14 37
7 15 33
7 16 17
7 17 33
7 19 28
7 20 46
7 21 30
7 23 23
7 24 37
7 25 11
7 27 12
7 28 29
7 29 5
7 30 34
7 31 30
7 34 49
7 35 16
7 36 29
7 37 32
7 38 11
7 39 9
7 40 33
7 42 33
7 43 19
7 45 40
8 9 3
8 11 44
8 12 29
8 13 33
8 18 42
8 19 25
8 20 26
8 21 28
8 23 35
8 24 15
8 25 22
8 26 12
8 27 4
8 29 39
8 30 45
8 31 39
8 32 23
8 34 33
8 37 9
8 38 15
8 40 33
8 43 21
9 11 47
9 12 25
9 13 9
9 14 33
9 15 22
9 16 6
9 17 9
9 19 8
9 20 4
9 21 13
9 22 9
9 23 38
9 24 2
9 25 31
9 27 30
9 28 33
9 29 1
9 30 12
9 31 40
9 32 46
9 36 43
9 37 45
9 38 36
9 41 25
9 42 28
9 43 49
9 45 15
10 11 0
10 12 1
10 13 25
10 14 9
10 15 27
10 16 10
10 17 27
10 18 15
10 19 9
10 20 32
10 22 20
10 23 47
10 25 40
10 26 7
10 27 48
10 28 31
10 29 6
10 33 2
10 34 42
10 36 37
10 37 23
10 38 32
10 39 32
10 41 18
10 44 19
10 45 4
11 12 39
11 13 46
11 15 34
11 18 44
11 19 22
11 20 6
11 21 8
11 23 33
11 24 45
11 27 32
11 28 22
11 29 4
11 31 49
11 33 11
11 34 26
11 36 48
11 37 46
11 39 42
11 40 11
11 41 10
11 42 46
11 43 30
11 45 0
12 13 29
12 14 38
12 15 25
12 16 45
12 17 13
12 18 40
12 20 41
12 21 27
12 22 8
12 24 16
12 26 34
12 28 1
12 29 36
12 30 30
12 31 25
12 32 31
12 33 19
12 34 41
12 35 20
12 36 47
12 40 37
12 44 23
13 14 41
13 15 27
13 16 10
13 17 42
13 18 27
13 20 17
13 22 43
13 24 15
13 25 1
13 27 46
13 29 35
13 30 31
13 32 9
13 33 42
13 35 36
13 36 28
13 37 45
13 39 23
13 40 19
13 41 0
13 42 22
13 44 33
14 15 42
14 16 40
14 18 44
14 19 48
14 20 45
14 21 36
14 22 33
14 23 20
14 24 2
14 25 31
14 26 12
14 27 42
14 28 40
14 29 4
14 30 49
14 32 10
14 33 49
14 34 2
14 37 18
14 38 7
14 39 2
14 40 5
14 41 0
14 42 21
14 43 22
14 44 35
14 45 47
15 17 5
15 18 29
15 19 36
15 21 41
15 22 32
15 23 18
15 24 28
15 25 41
15 26 32
15 27 40
15 28 41
15 29 9
15 30 36
15 31 0
15 33 7
15 34 30
15 35 39
15 37 35
15 38 24
15 39 16
15 40 9
15 43 47
16 17 40
16 18 48
16 19 19
16 20 37
16 21 39
16 22 36
16 24 2
16 30 13
16 31 31
16 32 7
16 33 33
16 35 13
16 36 16
16 37 34
16 39 1
16 40 48
16 41 19
16 42 3
16 43 48
16 44 29
16 45 29
17 21 38
17 22 17
17 24 0
17 27 27
17 28 26
17 29 46
17 30 5
17 31 29
17 32 38
17 34 32
17 38 19
17 39 17
17 41 19
17 43 24
17 44 9
17 45 16
18 23 30
18 25 36
18 26 16
18 28 33
18 30 18
18 31 37
18 32 16
18 34 43
18 35 45
18 36 34
18 37 25
18 39 31
18 40 8
18 41 0
18 42 29
18 43 41
18 44 29
18 45 49
19 21 10
19 22 41
19 23 12
19 24 36
19 25 0
19 27 9
19 28 5
19 29 42
19 30 8
19 31 36
19 32 11
19 33 27
19 34 47
19 35 30
19 36 16
19 37 11
19 38 12
19 39 13
19 41 14
19 42 35
19 43 20
19 44 9
19 45 28
20 21 40
20 22 17
20 23 25
20 24 8
20 25 8
20 27 37
20 28 40
20 30 25
20 31 35
20 32 39
20 35 18
20 38 3
20 39 30
20 40 17
20 42 19
20 43 42
20 44 18
20 45 20
21 22 12
21 24 19
21 25 37
21 26 17
21 27 19
21 28 28
21 30 48
21 31 26
21 32 18
21 34 24
21 35 7
21 36 18
21 38 44
21 39 24
21 40 29
21 41 13
21 43 34
21 45 30
22 25 16
22 27 12
22 28 3
22 29 21
22 30 15
22 32 31
22 34 39
22 35 28
22 38 8
22 39 49
22 40 13
22 41 24
22 42 36
22 43 14
22 45 25
23 24 25
23 26 0
23 27 13
23 28 37
23 29 16
23 35 18
23 37 4
23 38 21
23 39 7
23 41 10
23 45 39
24 25 44
24 26 20
24 28 7
24 29 13
24 31 42
24 32 34
24 34 17
24 36 42
24 38 37
24 39 18
24 40 36
24 42 24
24 44 39
24 45 24
25 26 19
25 28 33
25 32 15
25 33 27
25 35 36
25 37 35
25 38 18
25 41 46
25 42 44
25 43 20
25 45 2
26 28 34
26 29 14
26 31 30
26 32 17
26 33 44
26 34 26
26 35 32
26 36 37
26 39 17
26 40 7
26 42 14
26 44 38
26 45 27
27 28 2
27 29 8
27 31 38
27 32 38
27 34 39
27 35 25
27 36 15
27 38 12
27 39 13
27 42 20
27 43 41
27 44 45
27 45 23
28 29 39
28 31 10
28 32 13
28 33 26
28 37 15
28 38 13
28 39 25
28 40 7
28 41 13
28 42 47
28 43 35
28 45 27
29 31 0
29 33 21
29 34 5
29 36 44
29 37 37
29 38 8
29 39 13
29 40 19
29 41 40
29 42 12
29 43 16
29 44 16
29 45 40
30 32 31
30 33 11
30 34 19
30 36 46
30 37 10
30 38 7
30 41 45
30 43 45
31 32 17
31 33 25
31 34 3
31 36 9
31 40 13
31 41 38
31 42 31
31 43 16
31 45 23
32 33 47
32 34 15
32 35 7
32 36 24
32 38 28
32 39 44
32 40 34
32 41 37
32 44 4
33 34 36
33 36 22
33 37 41
33 38 9
33 39 18
33 41 15
33 42 22
33 43 18
33 44 39
34 35 21
34 37 38
34 38 4
34 39 33
34 40 43
34 42 19
34 43 17
34 45 45
35 36 6
35 37 37
35 38 5
35 39 48
35 44 41
35 45 37
36 38 11
36 39 22
36 42 43
36 43 19
36 45 40
37 38 27
37 39 36
37 40 32
37 41 20
37 42 33
37 44 23
38 41 47
38 43 29
38 44 42
38 45 34
39 40 27
39 42 32
39 43 40
39 44 28
40 42 23
40 43 3
40 44 37
40 45 38
41 42 34
41 43 37
41 44 33
42 43 12
42 44 38
42 45 8
43 44 23
43 45 12
44 45 12
