30
0 1 42
0 2 19
0 3 13
0 5 48
0 7 40
0 8 29
0 9 48
0 10 40
0 11 26
0 15 44
0 16 11
0 17 11
0 20 35
0 23 4
0 24 48
0 25 21
0 26 28
0 28 49
0 29 30
1 3 4
1 4 7
1 6 25
1 7 46
1 8 6
1 10 26
1 11 1
1 12 38
1 13 39
1 14 22
1 15 31
1 16 19
1 17 41
1 18 15
1 19 35
1 20 17
1 21 29
1 22 27
1 23 28
1 25 46
1 26 42
1 27 32
1 29 17
2 3 32
2 4 38
2 5 9
2 7 40
2 8 34
2 9 7
2 10 15
2 12 41
2 13 14
2 14 2
2 15 19
2 16 10
2 17 2
2 18 46
2 22 47
2 23 20
2 25 22
2 26 9
2 27 20
2 28 16
3 5 29
3 6 32
3 7 45
3 9 28
3 10 37
3 11 41
3 12 12
3 13 19
3 15 19
3 16 6
3 17 42
3 19 39
3 20 21
3 22 31
3 23 22
3 24 41
3 25 8
3 27 24
3 29 23
4 5 42
4 7 8
4 8 12
4 9 30
4 10 26
4 12 40
4 13 30
4 14 21
4 15 47
4 17 39
4 18 19
4 19 29
4 22 11
4 25 13
4 26 34
4 28 32
4 29 11
5 6 32
5 7 0
5 8 3
5 9 20
5 10 23
5 11 22
5 13 21
5 16 27
5 17 13
5 18 28
5 19 30
5 20 8
5 21 38
5 22 38
5 23 30
5 24 30
5 27 41
5 29 10
6 8 42
6 9 29
6 10 20
6 11 9
6 12 13
6 13 10
6 14 6
6 15 17
6 16 27
6 17 34
6 20 26
6 22 27
6 23 46
6 24 15
6 25 40
6 26 22
6 27 20
6 28 0
6 29 18
7 9 23
7 11 30
7 12 45
7 13 18
7 14 38
7 16 1
7 17 16
7 18 46
7 20 31
7 21 18
7 23 46
7 25 37
7 26 32
7 27 5
7 28 35
7 29 40
8 9 48
8 11 27
8 12 2
8 13 10
8 15 49
8 16 26
8 17 8
8 18 16
8 19 3
8 20 39
8 21 28
8 24 16
8 25 21
8 27 47
8 28 38
9 10 4
9 13 5
9 14 35
9 15 10
9 19 43
9 21 35
9 24 45
9 25 40
9 27 11
9 28 14
9 29 33
10 12 23
10 13 9
10 14 7
10 15 24
10 16 31
10 17 38
10 19 11
10 20 1
10 21 28
10 22 28
10 25 27
10 26 21
10 27 3
10 28 49
11 14 20
11 15 1
11 17 29
11 19 22
11 23 48
11 24 44
11 26 47
11 27 45
12 13 6
12 14 11
12 15 40
12 16 38
12 17 7
12 19 8
12 23 34
12 24 21
12 26 34
12 27 45
12 28 10
12 29 28
13 14 33
13 15 11
13 17 42
13 18 22
13 19 12
13 20 29
13 22 48
13 25 39
13 26 48
14 19 44
14 20 25
14 21 47
14 22 45
14 23 5
14 24 36
14 25 36
14 26 11
14 27 5
14 29 11
15 17 12
15 19 35
15 21 36
15 22 18
15 23 6
15 24 42
15 25 22
15 26 20
15 28 19
15 29 5
16 17 0
16 18 36
16 20 33
16 22 19
16 24 36
16 26 19
16 27 16
16 28 17
16 29 4
17 18 3
17 19 8
17 21 2
17 22 5
17 24 28
17 27 46
17 28 26
18 19 43
18 20 47
18 21 30
18 23 43
18 24 46
18 25 35
18 26 10
18 27 2
18 28 21
18 29 36
19 20 5
19 21 6
19 23 6
19 24 32
19 25 33
19 26 48
19 27 5
19 28 28
20 21 23
20 25 20
20 26 18
20 27 11
20 28 8
21 22 4
21 23 13
21 24 7
21 25 13
21 26 40
21 27 22
21 29 16
22 23 6
22 27 13
22 28 24
23 24 18
23 26 6
23 27 48
23 28 49
23 29 9
24 25 32
24 26 0
24 28 37
24 29 47
25 26 35
25 27 4
25 28 11
26 27 18
27 28 43
28 29 42
