46
0 1 9
0 3 6
0 4 21
0 5 9
0 6 15
0 8 48
0 10 17
0 11 45
0 12 34
0 15 1
0 16 20
0 18 31
0 19 7
0 21 31
0 23 39
0 24 41
0 25 48
0 27 49
0 28 35
0 30 43
0 34 22
0 35 46
0 36 32
0 37 14
0 39 16
0 40 28
0 41 19
0 42 14
0 43 22
0 44 11
1 2 36
1 4 3
1 5 4
1 8 25
1 9 42
1 12 37
1 13 46
1 14 6
1 15 27
1 16 3
1 18 18
1 20 32
1 21 34
1 22 43
1 23 28
1 24 42
1 26 36
1 27 1
1 28 18
1 29 15
1 30 46
1 32 24
1 35 37
1 36 35
1 38 8
1 40 21
1 41 27
1 44 44
1 45 20
2 4 26
2 5 22
2 7 7
2 10 4
2 12 9
2 13 30
2 15 17
2 17 11
2 21 34
2 22 37
2 24 19
2 25 11
2 26 30
2 27 48
2 28 1
2 29 13
2 30 4
2 32 25
2 33 3
2 34 38
2 35 16
2 36 3
2 37 24
2 38 47
2 39 22
2 40 6
2 41 4
2 42 19
2 43 49
2 44 21
2 45 35
3 4 44
3 5 43
3 6 48
3 7 39
3 8 2
3 10 2
3 11 38
3 12 43
3 13 41
3 14 14
3 15 18
3 16 33
3 17 0
3 18 22
3 19 0
3 21 29
3 22 23
3 23 39
3 24 44
3 26 37
3 27 45
3 28 38
3 29 43
3 30 1
3 31 21
3 32 47
3 33 25
3 36 20
3 37 9
3 38 29
3 40 18
3 41 9
3 42 47
3 43 10
3 45 38
4 5 5
4 6 49
4 7 3
4 8 9
4 10 33
4 11 9
4 15 38
4 17 48
4 19 1
4 20 17
4 22 8
4 23 43
4 26 12
4 27 44
4 28 28
4 29 24
4 30 17
4 32 43
4 33 13
4 36 44
4 37 7
4 38 14
4 43 1
4 44 46
4 45 37
5 6 17
5 7 12
5 8 2
5 9 3
5 10 29
5 12 20
5 13 42
5 15 28
5 16 19
5 17 11
5 18 3
5 19 38
5 21 2
5 23 22
5 24 25
5 25 47
5 26 36
5 27 7
5 31 30
5 32 47
5 35 40
5 36 14
5 37 27
5 38 22
5 39 47
5 40 46
5 41 13
5 42 44
5 43 37
5 44 27
6 7 25
6 8 23
6 9 8
6 10 43
6 13 30
6 14 10
6 15 24
6 16 40
6 17 7
6 20 41
6 22 44
6 23 3
6 24 47
6 25 2
6 26 22
6 27 27
6 29 25
6 30 9
6 34 46
6 35 43
6 36 43
6 37 18
6 39 14
6 40 26
6 41 6
6 42 18
6 43 24
6 44 46
6 45 17
7 8 46
7 11 26
7 12 28
7 13 24
7 16 13
7 17 21
7 19 12
7 20 34
7 21 48
7 22 36
7 23 0
7 24 24
7 25 35
7 28 5
7 29 17
7 31 43
7 32 10
7 34 48
7 36 6
7 37 15
7 38 23
7 40 24
7 42 35
7 43 33
7 44 4
7 45 47
8 9 45
8 13 41
8 14 34
8 15 33
8 16 26
8 17 36
8 18 30
8 20 31
8 21 47
8 22 40
8 23 37
8 24 30
8 25 4
8 26 31
8 28 34
8 29 41
8 30 37
8 31 21
8 32 27
8 34 38
8 35 22
8 36 10
8 37 23
8 38 44
8 39 10
8 40 15
8 41 37
8 43 43
8 45 24
9 10 28
9 11 32
9 12 5
9 13 29
9 14 49
9 15 28
9 16 40
9 18 10
9 19 12
9 22 44
9 23 7
9 24 19
9 26 10
9 27 20
9 29 21
9 30 31
9 33 12
9 34 24
9 35 9
9 37 40
9 38 28
9 39 25
9 41 28
9 42 14
9 43 17
9 44 0
10 11 29
10 12 29
10 13 27
10 15 30
10 16 36
10 17 42
10 18 48
10 20 3
10 21 43
10 24 1
10 25 5
10 26 28
10 27 7
10 28 30
10 30 29
10 31 10
10 32 20
10 33 11
10 34 34
10 38 6
10 39 18
10 42 41
10 44 24
10 45 43
11 13 0
11 14 49
11 15 6
11 16 25
11 17 21
11 18 10
11 19 2
11 20 40
11 23 48
11 24 18
11 27 25
11 29 2
11 30 14
11 32 27
11 33 7
11 34 6
11 35 29
11 36 11
11 37 17
11 38 14
11 39 28
11 40 35
11 42 5
11 44 44
11 45 3
12 13 46
12 14 10
12 15 22
12 16 10
12 17 16
12 19 19
12 20 4
12 21 38
12 22 12
12 23 0
12 24 24
12 26 29
12 29 8
12 30 46
12 35 6
12 37 31
12 38 0
12 41 9
12 43 25
12 44 31
12 45 2
13 15 25
13 16 19
13 17 14
13 19 3
13 20 18
13 21 8
13 22 47
13 23 27
13 24 18
13 25 2
13 27 17
13 29 26
13 30 1
13 31 8
13 32 8
13 34 46
13 38 32
13 39 46
13 40 17
13 41 11
13 42 3
13 44 34
13 45 11
14 17 4
14 18 10
14 19 13
14 20 13
14 22 44
14 23 47
14 24 5
14 25 13
14 26 3
14 28 8
14 30 26
14 32 34
14 33 45
14 34 0
14 35 31
14 36 11
14 38 20
14 41 0
14 42 37
14 44 47
15 16 40
15 17 13
15 18 34
15 19 18
15 20 9
15 21 30
15 22 49
15 23 10
15 25 20
15 26 15
15 27 11
15 28 31
15 29 18
15 30 21
15 31 25
15 32 22
15 33 14
15 34 0
15 36 19
15 37 23
15 38 23
15 39 40
15 40 4
15 42 36
15 44 14
15 45 31
16 17 1
16 18 1
16 19 35
16 21 42
16 23 27
16 24 1
16 25 15
16 27 13
16 28 7
16 29 42
16 30 17
16 32 6
16 35 46
16 36 22
16 37 3
16 38 12
16 39 45
16 40 34
16 42 43
16 43 30
16 44 29
16 45 12
17 18 12
17 19 29
17 21 37
17 24 21
17 25 33
17 26 42
17 28 32
17 30 7
17 32 29
17 33 30
17 34 4
17 37 34
17 38 29
17 40 40
17 41 7
17 42 13
17 43 36
18 19 31
18 21 35
18 23 43
18 24 6
18 26 19
18 27 26
18 28 38
18 29 29
18 30 49
18 31 3
18 32 39
18 33 30
18 34 10
18 35 15
18 36 41
18 37 33
18 40 40
18 41 4
18 42 49
18 43 0
18 45 21
19 22 27
19 23 9
19 24 7
19 25 36
19 26 7
19 30 29
19 31 33
19 32 42
19 33 2
19 36 38
19 37 22
19 38 35
19 40 11
19 42 33
19 43 24
19 44 35
19 45 25
20 21 17
20 22 0
20 24 38
20 25 44
20 28 14
20 30 30
20 31 45
20 32 39
20 33 2
20 34 17
20 35 2
20 36 45
20 37 17
20 38 41
20 39 22
20 41 36
20 42 38
20 43 28
20 45 24
21 22 46
21 23 42
21 24 37
21 26 10
21 28 31
21 29 27
21 31 17
21 33 44
21 34 3
21 35 39
21 37 38
21 38 42
21 39 28
21 40 13
21 43 1
21 44 41
21 45 9
22 23 41
22 24 11
22 25 37
22 27 14
22 28 38
22 29 21
22 31 9
22 32 30
22 33 32
22 34 46
22 35 36
22 36 46
22 37 12
22 38 26
22 39 26
22 41 7
22 42 26
22 43 35
22 44 6
22 45 34
23 26 45
23 28 44
23 29 7
23 31 28
23 33 40
23 34 32
23 35 0
23 36 39
23 38 47
23 41 27
23 42 19
23 43 7
23 44 25
23 45 41
24 26 2
24 28 44
24 30 26
24 32 30
24 33 48
24 34 12
24 39 44
24 40 33
24 41 6
24 42 3
24 43 8
24 44 22
24 45 11
25 27 34
25 29 25
25 30 27
25 31 38
25 32 47
25 35 41
25 38 16
25 39 5
25 40 11
25 41 14
25 43 41
25 45 36
26 27 23
26 28 4
26 29 36
26 30 46
26 31 0
26 34 41
26 35 17
26 37 24
26 39 49
26 40 9
26 41 23
26 42 34
26 45 49
27 28 4
27 29 7
27 30 47
27 31 46
27 33 13
27 34 38
27 35 1
27 38 8
27 40 13
27 42 28
27 43 20
27 45 10
28 29 44
28 31 24
28 32 2
28 33 3
28 34 34
28 35 13
28 37 13
28 38 21
28 39 40
28 40 12
28 43 34
28 45 24
29 31 21
29 32 9
29 33 8
29 35 49
29 37 2
29 39 8
29 40 13
29 41 37
29 43 11
29 44 3
29 45 4
30 32 19
30 33 21
30 34 1
30 35 36
30 37 28
30 38 27
30 39 10
30 42 45
30 43 44
30 44 15
31 32 13
31 33 4
31 35 12
31 36 10
31 37 13
31 39 25
31 40 49
31 41 16
31 42 23
31 44 10
31 45 24
32 33 31
32 35 29
32 37 16
32 39 48
32 40 38
32 42 31
32 44 10
32 45 22
33 34 29
33 35 32
33 36 33
33 37 49
33 38 40
33 39 10
33 40 3
33 41 24
33 43 17
33 45 43
34 35 10
34 39 44
34 40 5
34 43 8
34 44 38
34 45 45
35 37 11
35 38 20
35 39 32
35 42 49
35 44 42
35 45 8
36 37 9
36 38 17
36 39 19
36 40 44
36 41 48
36 42 44
36 43 28
36 44 7
36 45 34
37 38 46
37 41 33
37 43 11
37 44 39
37 45 13
38 39 41
38 41 14
38 43 17
38 44 21
39 41 47
39 42 26
39 44 36
39 45 35
40 41 32
40 43 22
40 44 4
40 45 38
41 42 30
41 43 24
41 45 1
42 45 17
43 44 38
43 45 38
44 45 48
