20
0 1 4
0 2 36
0 3 46
0 4 12
0 5 22
0 6 27
0 7 13
0 8 4
0 9 4
0 10 23
0 11 36
0 12 35
0 14 13
0 15 38
0 17 15
0 18 35
1 2 37
1 3 45
1 4 27
1 5 19
1 6 35
1 7 0
1 9 11
1 10 41
1 12 16
1 14 3
1 16 8
1 18 1
2 5 39
2 6 9
2 7 48
2 8 27
2 9 4
2 10 9
2 11 46
2 12 48
2 13 27
2 15 34
2 16 13
2 17 34
2 18 0
2 19 42
3 6 39
3 8 21
3 12 31
3 14 21
3 16 40
3 18 42
4 5 18
4 6 25
4 7 33
4 8 39
4 9 37
4 11 35
4 12 41
4 13 49
4 18 13
4 19 44
5 9 37
5 10 14
5 11 36
5 12 19
5 13 7
5 15 10
5 17 49
5 18 13
5 19 42
6 7 7
6 9 33
6 11 13
6 12 11
6 13 35
6 15 49
6 19 29
7 8 37
7 9 39
7 10 41
7 11 21
7 12 9
7 13 7
7 15 45
7 17 17
7 19 10
8 11 27
8 12 45
8 13 25
8 14 39
8 15 2
8 16 40
8 17 36
8 18 11
8 19 39
9 10 12
9 11 20
9 12 23
9 13 36
9 14 11
9 15 5
9 16 8
9 18 29
9 19 28
10 11 37
10 12 30
10 13 29
10 14 13
10 15 45
10 16 37
11 12 7
11 15 29
11 16 38
11 17 36
11 18 42
11 19 27
12 13 33
12 14 17
12 15 1
12 16 40
12 17 44
12 19 32
13 15 0
13 16 3
13 17 2
13 19 11
14 15 8
14 16 30
14 18 7
14 19 32
15 18 48
15 19 41
16 19 16
17 18 24
17 19 40
18 19 30
