35
0 4 16
0 6 22
0 7 24
0 8 45
0 9 4
0 10 30
0 11 27
0 12 26
0 13 43
0 14 30
0 15 39
0 16 11
0 18 45
0 19 1
0 20 25
0 21 27
0 22 42
0 23 43
0 24 42
0 25 17
0 30 28
0 31 21
0 32 36
0 34 23
1 2 31
1 3 29
1 4 12
1 5 44
1 6 40
1 7 14
1 8 49
1 9 0
1 10 2
1 11 24
1 12 43
1 13 9
1 17 18
1 21 47
1 23 23
1 25 48
1 26 27
1 28 7
1 30 24
1 31 15
2 3 29
2 4 49
2 5 31
2 6 10
2 7 27
2 8 6
2 9 41
2 10 46
2 13 18
2 15 29
2 17 42
2 19 6
2 20 30
2 21 24
2 22 17
2 23 18
2 24 3
2 25 26
2 26 36
2 27 16
2 28 39
2 29 49
2 30 36
2 31 30
2 34 14
3 5 28
3 6 26
3 7 7
3 8 11
3 9 47
3 11 29
3 12 31
3 15 41
3 17 18
3 18 28
3 20 11
3 21 41
3 22 28
3 23 32
3 25 34
3 26 44
3 27 45
3 28 5
3 29 49
3 30 26
3 31 36
3 32 31
3 33 31
4 5 34
4 6 13
4 7 14
4 8 36
4 12 24
4 13 12
4 14 28
4 16 40
4 18 34
4 21 41
4 22 25
4 23 33
4 27 26
4 28 36
4 29 25
4 30 11
4 31 2
4 32 23
5 8 46
5 10 20
5 11 21
5 12 46
5 13 42
5 14 18
5 17 21
5 18 18
5 19 8
5 20 8
5 21 45
5 22 11
5 23 23
5 24 18
5 25 6
5 26 7
5 27 37
5 28 25
5 29 27
5 30 8
5 31 2
5 32 7
5 33 43
5 34 11
6 8 10
6 9 42
6 10 11
6 12 23
6 13 26
6 14 42
6 15 34
6 16 17
6 19 4
6 20 16
6 23 6
6 25 39
6 26 12
6 27 1
6 29 19
6 32 48
6 33 32
6 34 10
7 9 22
7 10 19
7 11 35
7 12 49
7 13 47
7 14 40
7 15 42
7 16 25
7 17 1
7 18 40
7 19 44
7 20 27
7 21 35
7 24 3
7 25 1
7 26 6
7 27 21
7 28 13
7 30 47
7 31 21
7 32 9
7 33 44
7 34 7
8 9 2
8 10 37
8 11 15
8 12 36
8 13 16
8 14 5
8 15 31
8 17 36
8 18 38
8 20 22
8 21 14
8 22 2
8 25 22
8 26 45
8 28 13
8 31 21
8 33 11
8 34 16
9 11 5
9 12 19
9 13 29
9 14 8
9 15 41
9 16 0
9 17 4
9 20 10
9 21 30
9 22 26
9 23 37
9 25 36
9 30 36
9 31 9
9 34 42
10 11 19
10 12 29
10 13 17
10 14 33
10 15 27
10 16 16
10 17 28
10 19 22
10 20 22
10 21 31
10 22 42
10 23 14
10 24 15
10 28 21
10 29 26
10 30 19
10 32 22
10 33 22
10 34 49
11 14 0
11 16 13
11 17 1
11 19 5
11 23 20
11 24 2
11 25 39
11 26 46
11 28 24
11 30 0
11 31 5
11 32 41
12 13 6
12 15 3
12 17 13
12 18 14
12 19 19
12 20 27
12 21 45
12 22 48
12 23 4
12 25 32
12 27 24
12 28 30
12 30 19
12 31 30
12 33 47
13 14 13
13 15 18
13 17 26
13 20 12
13 21 8
13 22 40
13 23 19
13 24 25
13 25 40
13 28 17
13 30 19
13 32 10
13 34 25
14 15 47
14 18 15
14 20 31
14 21 43
14 22 47
14 23 36
14 24 43
14 25 35
14 26 31
14 27 42
14 28 43
14 30 21
14 31 14
14 33 8
15 17 23
15 18 36
15 21 20
15 22 2
15 23 22
15 25 16
15 29 13
15 30 34
15 31 39
15 33 9
15 34 13
16 17 49
16 19 22
16 20 7
16 21 15
16 22 38
16 23 45
16 24 38
16 25 23
16 26 26
16 28 17
16 29 44
16 30 43
16 31 35
16 32 25
16 33 32
16 34 3
17 19 47
17 20 47
17 21 4
17 23 9
17 24 9
17 25 7
17 26 19
17 27 29
17 28 33
17 29 5
17 30 4
17 31 17
17 32 20
17 33 7
17 34 32
18 19 10
18 22 6
18 25 44
18 27 6
18 28 11
18 29 29
18 30 32
18 34 26
19 21 39
19 22 44
19 25 6
19 27 0
19 28 33
19 29 48
19 30 0
19 31 39
19 32 27
19 33 41
20 21 41
20 22 11
20 23 12
20 24 15
20 26 6
20 27 18
20 28 11
20 29 40
20 30 14
20 31 26
20 32 32
20 34 47
21 22 47
21 23 28
21 24 36
21 26 19
21 27 43
21 28 23
21 29 7
21 30 36
21 31 11
21 32 46
21 33 46
21 34 37
22 23 36
22 24 42
22 28 13
22 30 42
22 32 18
22 33 0
23 24 10
23 25 3
23 26 18
23 29 12
23 32 18
23 33 36
24 25 37
24 26 12
24 27 35
24 28 16
24 29 44
24 30 27
24 31 22
24 32 44
24 33 3
24 34 8
25 27 28
25 28 41
25 29 40
25 30 48
25 31 16
25 32 16
26 27 21
26 28 24
26 30 43
26 31 27
26 32 11
26 33 47
26 34 17
27 28 32
27 29 46
27 30 20
27 32 33
27 33 0
28 30 22
28 31 24
28 33 42
28 34 49
29 32 41
30 31 16
30 32 10
30 33 22
31 33 16
31 34 6
32 34 9
33 34 18
